28.29
90.21
90.81
89.1
90.04
90.17
91.37
92.52
93.29
93.16
77.44
87.22
85.6
85.98
87.01
89.96
91.62
92.14
93.38
95
80.94
74.06
78.29
81.67
85.43
89.7
90.98
91.37
94.19
95
32.18
59.27
71.62
78.42
85.47
88.21
90.17
92.78
94.83
94.96
20.6
47.18
67.22
78.55
83.93
89.74
90.38
91.32
92.86
94.62
22.09
47.48
67.31
78.33
84.53
86.58
89.49
92.22
92.14
93.68
34.87
60.6
72.31
79.36
84.19
87.14
89.7
89.91
92.69
91.03
80.38
75.3
77.99
82.09
84.66
87.48
88.08
90.21
91.24
92.35
61.28
85.56
84.4
82.78
84.83
86.28
86.97
87.56
89.27
89.83
16.07
85.68
87.31
85.38
84.7
86.37
85.9
88.12
86.2
87.44