55.13
92.35
90.17
88.63
89.4
90.17
91.62
92.99
94.62
95.6
90.51
86.88
84.91
85.51
88.08
89.91
91.84
92.95
92.82
95.56
80.21
73.25
77.78
81.67
85.85
90.04
91.37
91.75
94.44
94.87
29.87
56.58
70.9
78.08
85.68
88.46
90.77
93.29
93.5
95.51
17.91
43.25
65.9
78.29
84.27
89.49
91.24
92.39
94.79
95.43
20.43
45.47
65.85
77.82
84.87
87.78
90.13
92.61
94.79
95.04
33.72
58.68
71.84
79.66
84.57
86.24
90.34
91.58
94.32
94.1
81.11
75.43
78.38
82.18
84.32
87.99
88.46
90.38
92.44
93.25
74.57
86.15
84.32
84.4
85.34
87.31
88.25
89.66
90.21
93.16
36.28
88.76
88.5
87.14
85.85
86.67
88.25
89.15
88.29
89.87