44.79
92.01
90.47
88.8
89.4
90.17
91.45
92.56
94.4
94.96
79.02
87.09
84.96
85.68
88.12
89.62
91.75
92.61
93.68
95.56
80.3
73.42
77.99
81.84
85.64
89.91
91.24
90.34
94.44
94.83
30.68
58.42
71.03
78.12
85.68
88.42
90.68
92.82
94.32
95.38
19.4
46.07
66.41
78.38
84.32
88.97
90.98
92.14
94.7
95.6
21.32
45.85
67.14
78.29
84.87
87.26
89.91
92.22
95
95.13
34.15
60
72.18
79.49
84.53
87.18
89.74
90.13
91.2
94.7
81.15
75.43
78.16
82.18
84.79
87.22
89.02
89.44
92.18
92.82
69.02
85.94
84.4
84.4
85.81
86.45
88.08
88.76
90.34
91.75
27.61
87.31
88.08
86.32
84.83
87.44
86.28
89.02
88.16
88.55