16.2
88.5
91.03
89.83
90.21
90.34
90.77
91.03
91.75
88.46
58.42
87.31
86.2
86.54
88.63
89.96
91.07
91.58
92.35
92.52
81.67
75.17
78.97
82.61
86.24
89.7
90.81
91.5
92.31
93.72
33.38
60.34
72.39
78.63
85.51
88.03
89.83
92.05
93.42
92.95
21.54
49.7
67.69
78.59
83.97
89.23
90.04
90.85
91.92
91.71
22.82
49.53
67.74
78.16
84.06
87.05
89.27
90.68
92.48
91.37
35.85
61.71
72.78
78.55
83.85
86.58
89.4
88.42
90.81
90.34
80.9
75.3
78.46
81.79
83.85
85.98
86.97
85.94
87.61
89.02
44.06
84.53
82.91
83.25
84.27
83.97
85.09
84.44
86.54
87.74
11.88
77.26
86.15
84.96
83.42
84.27
84.91
82.61
82.56
82.95