88.63
91.28
88.76
86.24
88.68
90.13
91.88
93.63
95.3
96.37
91.5
85.04
83.29
84.57
87.74
89.79
92.22
93.46
94.7
96.75
77.52
65.68
74.66
78.42
85.56
89.87
91.79
93.38
95.64
96.79
15.64
42.14
66.32
76.15
85.3
88.72
91.2
93.72
96.24
96.54
9.62
28.21
55.94
75
83.68
89.44
91.75
92.61
96.15
96.28
9.62
27.99
59.53
73.5
83.42
88.12
90.04
93.46
96.41
95.51
24.49
44.23
62.18
77.09
84.15
88.46
91.28
92.65
95.43
95.26
82.35
70.13
76.24
81.11
85.43
88.93
89.4
92.22
95.13
96.2
90.85
87.44
85.17
84.96
85.98
88.21
90.51
91.97
92.18
95.85
79.23
91.41
90.47
88.42
87.44
88.97
90.81
92.01
92.31
93.08