93.33
90.17
84.83
84.19
86.24
88.16
90.9
93.33
95.85
95.6
90.94
82.78
79.53
81.37
85.9
87.48
90.26
92.48
93.76
95.64
73.89
60.21
68.25
73.93
80.94
88.97
91.75
93.21
96.15
95.68
4.87
28.29
54.7
69.96
80.77
87.18
90.73
94.32
95.47
97.26
2.69
12.22
39.7
65.17
76.58
86.5
91.88
93.8
94.23
96.32
4.27
17.91
40.98
65.68
80.56
86.54
89.96
94.1
95.51
96.41
13.97
33.89
52.39
70.85
81.97
87.48
91.58
92.95
96.07
96.71
79.83
62.05
67.44
74.91
80.98
85.9
91.15
93.42
95.77
96.2
92.05
87.48
82.26
81.67
84.57
87.48
89.87
91.71
93.5
95.04
90
93.8
89.49
88.03
86.75
86.79
90.6
91.11
93.68
95.21