11.71
86.79
91.07
90.09
90.56
90.09
89.49
88.76
85.13
85.98
43.89
87.91
86.67
86.79
88.63
89.91
91.15
90.43
89.15
89.1
82.22
75.34
79.4
82.69
86.2
89.4
89.87
90.64
91.24
89.57
34.66
60.73
72.82
78.72
85.34
86.71
89.62
91.67
91.24
91.03
22.44
50.26
67.86
78.5
83.85
88.55
89.32
89.96
91.11
91.97
23.89
49.83
68.03
78.03
84.23
86.28
88.16
86.97
91.07
90.3
36.15
61.84
72.78
79.36
83.63
86.45
87.95
87.31
89.36
88.46
79.49
75.6
78.5
82.14
83.76
84.62
86.32
85.64
85.81
87.01
36.75
83.97
83.08
82.39
84.27
84.62
84.23
84.66
82.74
85.34
10.64
72.74
83.8
83.5
81.71
83.97
82.99
81.62
80.68
80