13.68
84.06
90.56
88.97
90.56
88.16
89.7
87.56
83.76
82.82
37.52
87.99
87.18
87.09
88.8
89.53
89.32
90.51
86.67
86.11
84.02
76.11
79.91
83.16
86.32
88.55
89.79
89.74
86.41
88.59
35.43
61.5
72.99
78.76
85.17
87.65
89.4
89.87
90.77
86.15
24.02
50.81
68.16
77.99
83.25
88.55
89.06
88.93
89.1
89.06
25
50.85
68.21
77.95
83.5
86.45
86.92
87.14
89.27
85.6
37.14
62.39
72.82
79.23
83.46
86.2
86.84
85.3
86.2
87.35
78.8
75.73
78.03
81.5
82.52
83.59
85.47
84.1
85
83.46
25.94
80.77
82.31
81.5
82.86
82.78
81.75
80.17
80.51
83.12
6.28
65
81.88
81.92
81.32
82.74
79.15
74.66
75.81
73.03