20.38
84.44
90.98
89.53
90.38
89.15
89.1
87.48
80.77
84.23
55.81
87.78
86.58
86.67
88.12
89.23
89.96
88.33
85.73
85.81
81.37
75.26
79.4
82.95
85.81
89.49
87.65
89.06
85.81
83.08
34.27
60.98
73.08
77.95
85.47
87.48
89.23
88.72
89.36
87.65
22.31
50.26
67.99
78.42
83.59
88.63
89.19
88.55
88.16
87.22
23.85
50.43
68.08
77.95
84.02
86.37
86.97
85.94
88.68
86.45
36.71
62.05
72.69
79.15
83.29
85.51
86.88
86.62
86.24
86.58
79.79
75.73
78.21
81.75
82.78
84.79
84.49
83.25
85.21
82.65
42.86
83.12
83.5
82.44
81.58
82.61
82.18
82.86
79.96
80.3
11.54
76.67
85.04
83.08
82.48
82.39
80.34
78.59
75.17
75.47