4.44
25.73
37.86
33.46
26.58
20.9
15.13
14.02
7.91
5.85
8.85
40.04
52.74
50.47
35.98
26.62
18.89
12.48
7.74
3.89
51.5
76.28
71.41
62.52
45.85
28.25
16.37
9.02
7.05
8.8
72.09
81.84
84.53
75.73
58.21
35.94
24.79
13.16
10.64
8.21
66.71
75.98
81.92
80.68
62.61
42.35
22.99
14.44
8.16
5.09
65.94
75.34
80.26
77.22
64.27
38.5
25.09
12.91
8.55
9.1
69.27
76.79
75.77
68.21
58.16
35.56
23.33
15.56
4.15
9.7
35.51
59.27
60.43
52.09
46.67
31.75
18.89
12.26
9.96
9.15
2.86
29.96
41.07
42.05
32.99
22.22
19.4
9.79
6.03
5.3
1.54
11.5
29.23
29.06
25.94
19.96
15.13
9.62
6.45
5.43