93.72
88.46
84.57
82.69
84.66
87.78
90.9
92.86
94.7
94.96
90.85
81.88
78.97
80.13
83.8
88.42
91.24
93.8
95.43
95.9
74.79
58.46
64.02
73.76
83.42
88.5
91.5
92.99
95.98
96.79
2.09
23.33
44.02
64.19
77.99
84.91
90.21
94.44
94.36
96.28
2.14
9.96
35.38
62.61
77.86
83.38
89.49
93.76
96.88
94.53
2.78
15.64
37.35
65.13
76.97
86.11
89.53
94.06
97.18
95
13.16
33.72
43.42
69.74
79.44
86.15
91.75
93.03
96.03
96.62
78.93
63.29
64.53
77.35
81.45
87.65
91.15
93.72
96.07
95.98
91.54
86.41
82.26
79.74
82.61
87.14
88.46
92.91
94.79
95.64
91.75
93.46
87.78
87.74
86.58
87.39
90.64
92.56
91.75
94.32